At Decision Episode 0
	State  -> 48
	Action -> 2
	Reward -> 0
	Policy -> 0

At Decision Episode 0
	State  -> 50
	Action -> 2
	Reward -> 0
	Policy -> 0

At Decision Episode 1
	State  -> 0
	Action -> 1
	Reward -> -1.0
	Policy -> ( 0 ,   0 ,   0 ,   0 ,   0 ,   0 ,   0 ,   0 ,   0 ,   0 ,   0 ,   0 ,   0 ,   0 ,   0 ,   0 ,   0 ,   0 ,   0 ,   0 ,   0 ,   0 ,   0 ,   0 ,   0 ,   0 ,   0 ,   0 ,   0 ,   0 ,   0 ,   0 ,   0 ,   0 ,   0 ,   0 ,   0 ,   0 ,   0 ,   0 ,   0 ,   0 ,   0 ,   0 ,   0 ,   0 ,   0 ,   0 ,   0 ,   0 ,   0 ,   0 ,   0 ,   0 ,   0 ,   0 ,   0 ,   0 ,   0 ,   0 ,   0 ,   0 ,   0 ,   0 ,   0 ,   0 ,   0 ,   0 ,   0 ,   0 ,   0 ,   0 )

At Decision Episode 2
	State  -> 52
	Action -> 4
	Reward -> -1.0
	Policy -> ( 0 ,   0 ,   0 ,   0 ,   0 ,   0 ,   0 ,   0 ,   0 ,   0 ,   0 ,   0 ,   0 ,   0 ,   0 ,   0 ,   0 ,   0 ,   0 ,   0 ,   0 ,   0 ,   0 ,   0 ,   0 ,   0 ,   0 ,   0 ,   0 ,   0 ,   0 ,   0 ,   0 ,   0 ,   0 ,   0 ,   0 ,   0 ,   0 ,   0 ,   0 ,   0 ,   0 ,   0 ,   0 ,   0 ,   0 ,   0 ,   0 ,   0 ,   0 ,   0 ,   0 ,   0 ,   0 ,   0 ,   0 ,   0 ,   0 ,   0 ,   0 ,   0 ,   0 ,   0 ,   0 ,   0 ,   0 ,   0 ,   0 ,   0 ,   0 ,   0 )

At Decision Episode 3
	State  -> 58
	Action -> 1
	Reward -> -1.0
	Policy -> ( 0 ,   0 ,   0 ,   0 ,   0 ,   0 ,   0 ,   0 ,   0 ,   0 ,   0 ,   0 ,   0 ,   0 ,   0 ,   0 ,   0 ,   0 ,   0 ,   0 ,   0 ,   0 ,   0 ,   0 ,   0 ,   0 ,   0 ,   0 ,   0 ,   0 ,   0 ,   0 ,   0 ,   0 ,   0 ,   0 ,   0 ,   0 ,   0 ,   0 ,   0 ,   0 ,   0 ,   0 ,   0 ,   0 ,   0 ,   0 ,   0 ,   0 ,   0 ,   0 ,   0 ,   0 ,   0 ,   0 ,   0 ,   0 ,   0 ,   0 ,   0 ,   0 ,   0 ,   0 ,   0 ,   0 ,   0 ,   0 ,   0 ,   0 ,   0 ,   0 )

At Decision Episode 4
	State  -> 43
	Action -> 0
	Reward -> -1.0
	Policy -> ( 0 ,   0 ,   0 ,   0 ,   0 ,   0 ,   0 ,   0 ,   0 ,   0 ,   0 ,   0 ,   0 ,   0 ,   0 ,   0 ,   0 ,   0 ,   0 ,   0 ,   0 ,   0 ,   0 ,   0 ,   0 ,   0 ,   0 ,   0 ,   0 ,   0 ,   0 ,   0 ,   0 ,   0 ,   0 ,   0 ,   0 ,   0 ,   0 ,   0 ,   0 ,   0 ,   0 ,   0 ,   0 ,   0 ,   0 ,   0 ,   0 ,   0 ,   0 ,   0 ,   0 ,   0 ,   0 ,   0 ,   0 ,   0 ,   0 ,   0 ,   0 ,   0 ,   0 ,   0 ,   0 ,   0 ,   0 ,   0 ,   0 ,   0 ,   0 ,   0 )

At Decision Episode 5
	State  -> 66
	Action -> 1
	Reward -> -1.0
	Policy -> ( 0 ,   0 ,   0 ,   0 ,   0 ,   0 ,   0 ,   0 ,   0 ,   0 ,   0 ,   0 ,   0 ,   0 ,   0 ,   0 ,   0 ,   0 ,   0 ,   0 ,   0 ,   0 ,   0 ,   0 ,   0 ,   0 ,   0 ,   0 ,   0 ,   0 ,   0 ,   0 ,   0 ,   0 ,   0 ,   0 ,   0 ,   0 ,   0 ,   0 ,   0 ,   0 ,   0 ,   1 ,   0 ,   0 ,   0 ,   0 ,   0 ,   0 ,   0 ,   0 ,   0 ,   0 ,   0 ,   0 ,   0 ,   0 ,   0 ,   0 ,   0 ,   0 ,   0 ,   0 ,   0 ,   0 ,   0 ,   0 ,   0 ,   0 ,   0 ,   0 )

At Decision Episode 6
	State  -> 43
	Action -> 5
	Reward -> 100.0
	Policy -> ( 0 ,   0 ,   0 ,   0 ,   0 ,   0 ,   0 ,   0 ,   0 ,   0 ,   0 ,   0 ,   0 ,   0 ,   0 ,   0 ,   0 ,   0 ,   0 ,   0 ,   0 ,   0 ,   0 ,   0 ,   0 ,   0 ,   0 ,   0 ,   0 ,   0 ,   0 ,   0 ,   0 ,   0 ,   0 ,   0 ,   0 ,   0 ,   0 ,   0 ,   0 ,   0 ,   0 ,   1 ,   0 ,   0 ,   0 ,   0 ,   0 ,   0 ,   0 ,   0 ,   0 ,   0 ,   0 ,   0 ,   0 ,   0 ,   0 ,   0 ,   0 ,   0 ,   0 ,   0 ,   0 ,   0 ,   0 ,   0 ,   0 ,   0 ,   0 ,   0 )

At Decision Episode 0
	State  -> 48
	Action -> 2
	Reward -> 100.0
	Policy -> ( 0 ,   0 ,   0 ,   0 ,   0 ,   0 ,   0 ,   0 ,   0 ,   0 ,   0 ,   0 ,   0 ,   0 ,   0 ,   0 ,   0 ,   0 ,   0 ,   0 ,   0 ,   0 ,   0 ,   0 ,   0 ,   0 ,   0 ,   0 ,   0 ,   0 ,   0 ,   0 ,   0 ,   0 ,   0 ,   0 ,   0 ,   0 ,   0 ,   0 ,   0 ,   0 ,   0 ,   1 ,   0 ,   0 ,   0 ,   0 ,   0 ,   0 ,   0 ,   0 ,   0 ,   0 ,   0 ,   0 ,   0 ,   0 ,   0 ,   0 ,   0 ,   0 ,   0 ,   0 ,   0 ,   0 ,   0 ,   0 ,   0 ,   0 ,   0 ,   0 )

At Decision Episode 1
	State  -> 48
	Action -> 4
	Reward -> -1.0
	Policy -> ( 0 ,   0 ,   0 ,   0 ,   0 ,   0 ,   0 ,   0 ,   0 ,   0 ,   0 ,   0 ,   0 ,   0 ,   0 ,   0 ,   0 ,   0 ,   0 ,   0 ,   0 ,   0 ,   0 ,   0 ,   0 ,   0 ,   0 ,   0 ,   0 ,   0 ,   0 ,   0 ,   0 ,   0 ,   0 ,   0 ,   0 ,   0 ,   0 ,   0 ,   0 ,   0 ,   0 ,   1 ,   0 ,   0 ,   0 ,   0 ,   0 ,   0 ,   0 ,   0 ,   0 ,   0 ,   0 ,   0 ,   0 ,   0 ,   0 ,   0 ,   0 ,   0 ,   0 ,   0 ,   0 ,   0 ,   0 ,   0 ,   0 ,   0 ,   0 ,   0 )

At Decision Episode 2
	State  -> 48
	Action -> 5
	Reward -> -1.0
	Policy -> ( 0 ,   0 ,   0 ,   0 ,   0 ,   0 ,   0 ,   0 ,   0 ,   0 ,   0 ,   0 ,   0 ,   0 ,   0 ,   0 ,   0 ,   0 ,   0 ,   0 ,   0 ,   0 ,   0 ,   0 ,   0 ,   0 ,   0 ,   0 ,   0 ,   0 ,   0 ,   0 ,   0 ,   0 ,   0 ,   0 ,   0 ,   0 ,   0 ,   0 ,   0 ,   0 ,   0 ,   1 ,   0 ,   0 ,   0 ,   0 ,   0 ,   0 ,   0 ,   0 ,   0 ,   0 ,   0 ,   0 ,   0 ,   0 ,   0 ,   0 ,   0 ,   0 ,   0 ,   0 ,   0 ,   0 ,   0 ,   0 ,   0 ,   0 ,   0 ,   0 )

At Decision Episode 3
	State  -> 48
	Action -> 0
	Reward -> -1.0
	Policy -> ( 0 ,   0 ,   0 ,   0 ,   0 ,   0 ,   0 ,   0 ,   0 ,   0 ,   0 ,   0 ,   0 ,   0 ,   0 ,   0 ,   0 ,   0 ,   0 ,   0 ,   0 ,   0 ,   0 ,   0 ,   0 ,   0 ,   0 ,   0 ,   0 ,   0 ,   0 ,   0 ,   0 ,   0 ,   0 ,   0 ,   0 ,   0 ,   0 ,   0 ,   0 ,   0 ,   0 ,   1 ,   0 ,   0 ,   0 ,   0 ,   0 ,   0 ,   0 ,   0 ,   0 ,   0 ,   0 ,   0 ,   0 ,   0 ,   0 ,   0 ,   0 ,   0 ,   0 ,   0 ,   0 ,   0 ,   0 ,   0 ,   0 ,   0 ,   0 ,   0 )

At Decision Episode 4
	State  -> 24
	Action -> 0
	Reward -> -1.0
	Policy -> ( 0 ,   0 ,   0 ,   0 ,   0 ,   0 ,   0 ,   0 ,   0 ,   0 ,   0 ,   0 ,   0 ,   0 ,   0 ,   0 ,   0 ,   0 ,   0 ,   0 ,   0 ,   0 ,   0 ,   0 ,   0 ,   0 ,   0 ,   0 ,   0 ,   0 ,   0 ,   0 ,   0 ,   0 ,   0 ,   0 ,   0 ,   0 ,   0 ,   0 ,   0 ,   0 ,   0 ,   1 ,   0 ,   0 ,   0 ,   0 ,   0 ,   0 ,   0 ,   0 ,   0 ,   0 ,   0 ,   0 ,   0 ,   0 ,   0 ,   0 ,   0 ,   0 ,   0 ,   0 ,   0 ,   0 ,   0 ,   0 ,   0 ,   0 ,   0 ,   0 )

At Decision Episode 5
	State  -> 12
	Action -> 0
	Reward -> -1.0
	Policy -> ( 0 ,   0 ,   0 ,   0 ,   0 ,   0 ,   0 ,   0 ,   0 ,   0 ,   0 ,   0 ,   0 ,   0 ,   0 ,   0 ,   0 ,   0 ,   0 ,   0 ,   0 ,   0 ,   0 ,   0 ,   0 ,   0 ,   0 ,   0 ,   0 ,   0 ,   0 ,   0 ,   0 ,   0 ,   0 ,   0 ,   0 ,   0 ,   0 ,   0 ,   0 ,   0 ,   0 ,   1 ,   0 ,   0 ,   0 ,   0 ,   1 ,   0 ,   0 ,   0 ,   0 ,   0 ,   0 ,   0 ,   0 ,   0 ,   0 ,   0 ,   0 ,   0 ,   0 ,   0 ,   0 ,   0 ,   0 ,   0 ,   0 ,   0 ,   0 ,   0 )

At Decision Episode 6
	State  -> 12
	Action -> 4
	Reward -> -1.0
	Policy -> ( 0 ,   0 ,   0 ,   0 ,   0 ,   0 ,   0 ,   0 ,   0 ,   0 ,   0 ,   0 ,   0 ,   0 ,   0 ,   0 ,   0 ,   0 ,   0 ,   0 ,   0 ,   0 ,   0 ,   0 ,   1 ,   0 ,   0 ,   0 ,   0 ,   0 ,   0 ,   0 ,   0 ,   0 ,   0 ,   0 ,   0 ,   0 ,   0 ,   0 ,   0 ,   0 ,   0 ,   1 ,   0 ,   0 ,   0 ,   0 ,   1 ,   0 ,   0 ,   0 ,   0 ,   0 ,   0 ,   0 ,   0 ,   0 ,   0 ,   0 ,   0 ,   0 ,   0 ,   0 ,   0 ,   0 ,   0 ,   0 ,   0 ,   0 ,   0 ,   0 )

At Decision Episode 7
	State  -> 12
	Action -> 1
	Reward -> -1.0
	Policy -> ( 0 ,   0 ,   0 ,   0 ,   0 ,   0 ,   0 ,   0 ,   0 ,   0 ,   0 ,   0 ,   1 ,   0 ,   0 ,   0 ,   0 ,   0 ,   0 ,   0 ,   0 ,   0 ,   0 ,   0 ,   1 ,   0 ,   0 ,   0 ,   0 ,   0 ,   0 ,   0 ,   0 ,   0 ,   0 ,   0 ,   0 ,   0 ,   0 ,   0 ,   0 ,   0 ,   0 ,   1 ,   0 ,   0 ,   0 ,   0 ,   1 ,   0 ,   0 ,   0 ,   0 ,   0 ,   0 ,   0 ,   0 ,   0 ,   0 ,   0 ,   0 ,   0 ,   0 ,   0 ,   0 ,   0 ,   0 ,   0 ,   0 ,   0 ,   0 ,   0 )

At Decision Episode 8
	State  -> 24
	Action -> 0
	Reward -> -1.0
	Policy -> ( 0 ,   0 ,   0 ,   0 ,   0 ,   0 ,   0 ,   0 ,   0 ,   0 ,   0 ,   0 ,   1 ,   0 ,   0 ,   0 ,   0 ,   0 ,   0 ,   0 ,   0 ,   0 ,   0 ,   0 ,   1 ,   0 ,   0 ,   0 ,   0 ,   0 ,   0 ,   0 ,   0 ,   0 ,   0 ,   0 ,   0 ,   0 ,   0 ,   0 ,   0 ,   0 ,   0 ,   1 ,   0 ,   0 ,   0 ,   0 ,   1 ,   0 ,   0 ,   0 ,   0 ,   0 ,   0 ,   0 ,   0 ,   0 ,   0 ,   0 ,   0 ,   0 ,   0 ,   0 ,   0 ,   0 ,   0 ,   0 ,   0 ,   0 ,   0 ,   0 )

At Decision Episode 9
	State  -> 12
	Action -> 0
	Reward -> -1.0
	Policy -> ( 0 ,   0 ,   0 ,   0 ,   0 ,   0 ,   0 ,   0 ,   0 ,   0 ,   0 ,   0 ,   2 ,   0 ,   0 ,   0 ,   0 ,   0 ,   0 ,   0 ,   0 ,   0 ,   0 ,   0 ,   1 ,   0 ,   0 ,   0 ,   0 ,   0 ,   0 ,   0 ,   0 ,   0 ,   0 ,   0 ,   0 ,   0 ,   0 ,   0 ,   0 ,   0 ,   0 ,   1 ,   0 ,   0 ,   0 ,   0 ,   1 ,   0 ,   0 ,   0 ,   0 ,   0 ,   0 ,   0 ,   0 ,   0 ,   0 ,   0 ,   0 ,   0 ,   0 ,   0 ,   0 ,   0 ,   0 ,   0 ,   0 ,   0 ,   0 ,   0 )

At Decision Episode 10
	State  -> 12
	Action -> 1
	Reward -> -1.0
	Policy -> ( 0 ,   0 ,   0 ,   0 ,   0 ,   0 ,   0 ,   0 ,   0 ,   0 ,   0 ,   0 ,   2 ,   0 ,   0 ,   0 ,   0 ,   0 ,   0 ,   0 ,   0 ,   0 ,   0 ,   0 ,   1 ,   0 ,   0 ,   0 ,   0 ,   0 ,   0 ,   0 ,   0 ,   0 ,   0 ,   0 ,   0 ,   0 ,   0 ,   0 ,   0 ,   0 ,   0 ,   1 ,   0 ,   0 ,   0 ,   0 ,   1 ,   0 ,   0 ,   0 ,   0 ,   0 ,   0 ,   0 ,   0 ,   0 ,   0 ,   0 ,   0 ,   0 ,   0 ,   0 ,   0 ,   0 ,   0 ,   0 ,   0 ,   0 ,   0 ,   0 )

At Decision Episode 11
	State  -> 24
	Action -> 0
	Reward -> -1.0
	Policy -> ( 0 ,   0 ,   0 ,   0 ,   0 ,   0 ,   0 ,   0 ,   0 ,   0 ,   0 ,   0 ,   2 ,   0 ,   0 ,   0 ,   0 ,   0 ,   0 ,   0 ,   0 ,   0 ,   0 ,   0 ,   1 ,   0 ,   0 ,   0 ,   0 ,   0 ,   0 ,   0 ,   0 ,   0 ,   0 ,   0 ,   0 ,   0 ,   0 ,   0 ,   0 ,   0 ,   0 ,   1 ,   0 ,   0 ,   0 ,   0 ,   1 ,   0 ,   0 ,   0 ,   0 ,   0 ,   0 ,   0 ,   0 ,   0 ,   0 ,   0 ,   0 ,   0 ,   0 ,   0 ,   0 ,   0 ,   0 ,   0 ,   0 ,   0 ,   0 ,   0 )

At Decision Episode 12
	State  -> 12
	Action -> 3
	Reward -> -1.0
	Policy -> ( 0 ,   0 ,   0 ,   0 ,   0 ,   0 ,   0 ,   0 ,   0 ,   0 ,   0 ,   0 ,   2 ,   0 ,   0 ,   0 ,   0 ,   0 ,   0 ,   0 ,   0 ,   0 ,   0 ,   0 ,   0 ,   0 ,   0 ,   0 ,   0 ,   0 ,   0 ,   0 ,   0 ,   0 ,   0 ,   0 ,   0 ,   0 ,   0 ,   0 ,   0 ,   0 ,   0 ,   1 ,   0 ,   0 ,   0 ,   0 ,   1 ,   0 ,   0 ,   0 ,   0 ,   0 ,   0 ,   0 ,   0 ,   0 ,   0 ,   0 ,   0 ,   0 ,   0 ,   0 ,   0 ,   0 ,   0 ,   0 ,   0 ,   0 ,   0 ,   0 )

At Decision Episode 13
	State  -> 12
	Action -> 3
	Reward -> -1.0
	Policy -> ( 0 ,   0 ,   0 ,   0 ,   0 ,   0 ,   0 ,   0 ,   0 ,   0 ,   0 ,   0 ,   2 ,   0 ,   0 ,   0 ,   0 ,   0 ,   0 ,   0 ,   0 ,   0 ,   0 ,   0 ,   0 ,   0 ,   0 ,   0 ,   0 ,   0 ,   0 ,   0 ,   0 ,   0 ,   0 ,   0 ,   0 ,   0 ,   0 ,   0 ,   0 ,   0 ,   0 ,   1 ,   0 ,   0 ,   0 ,   0 ,   1 ,   0 ,   0 ,   0 ,   0 ,   0 ,   0 ,   0 ,   0 ,   0 ,   0 ,   0 ,   0 ,   0 ,   0 ,   0 ,   0 ,   0 ,   0 ,   0 ,   0 ,   0 ,   0 ,   0 )

At Decision Episode 14
	State  -> 12
	Action -> 5
	Reward -> -1.0
	Policy -> ( 0 ,   0 ,   0 ,   0 ,   0 ,   0 ,   0 ,   0 ,   0 ,   0 ,   0 ,   0 ,   2 ,   0 ,   0 ,   0 ,   0 ,   0 ,   0 ,   0 ,   0 ,   0 ,   0 ,   0 ,   0 ,   0 ,   0 ,   0 ,   0 ,   0 ,   0 ,   0 ,   0 ,   0 ,   0 ,   0 ,   0 ,   0 ,   0 ,   0 ,   0 ,   0 ,   0 ,   1 ,   0 ,   0 ,   0 ,   0 ,   1 ,   0 ,   0 ,   0 ,   0 ,   0 ,   0 ,   0 ,   0 ,   0 ,   0 ,   0 ,   0 ,   0 ,   0 ,   0 ,   0 ,   0 ,   0 ,   0 ,   0 ,   0 ,   0 ,   0 )

At Decision Episode 15
	State  -> 12
	Action -> 4
	Reward -> -1.0
	Policy -> ( 0 ,   0 ,   0 ,   0 ,   0 ,   0 ,   0 ,   0 ,   0 ,   0 ,   0 ,   0 ,   2 ,   0 ,   0 ,   0 ,   0 ,   0 ,   0 ,   0 ,   0 ,   0 ,   0 ,   0 ,   0 ,   0 ,   0 ,   0 ,   0 ,   0 ,   0 ,   0 ,   0 ,   0 ,   0 ,   0 ,   0 ,   0 ,   0 ,   0 ,   0 ,   0 ,   0 ,   1 ,   0 ,   0 ,   0 ,   0 ,   1 ,   0 ,   0 ,   0 ,   0 ,   0 ,   0 ,   0 ,   0 ,   0 ,   0 ,   0 ,   0 ,   0 ,   0 ,   0 ,   0 ,   0 ,   0 ,   0 ,   0 ,   0 ,   0 ,   0 )

At Decision Episode 16
	State  -> 12
	Action -> 4
	Reward -> -1.0
	Policy -> ( 0 ,   0 ,   0 ,   0 ,   0 ,   0 ,   0 ,   0 ,   0 ,   0 ,   0 ,   0 ,   2 ,   0 ,   0 ,   0 ,   0 ,   0 ,   0 ,   0 ,   0 ,   0 ,   0 ,   0 ,   1 ,   0 ,   0 ,   0 ,   0 ,   0 ,   0 ,   0 ,   0 ,   0 ,   0 ,   0 ,   0 ,   0 ,   0 ,   0 ,   0 ,   0 ,   0 ,   1 ,   0 ,   0 ,   0 ,   0 ,   1 ,   0 ,   0 ,   0 ,   0 ,   0 ,   0 ,   0 ,   0 ,   0 ,   0 ,   0 ,   0 ,   0 ,   0 ,   0 ,   0 ,   0 ,   0 ,   0 ,   0 ,   0 ,   0 ,   0 )

At Decision Episode 17
	State  -> 12
	Action -> 3
	Reward -> -1.0
	Policy -> ( 0 ,   0 ,   0 ,   0 ,   0 ,   0 ,   0 ,   0 ,   0 ,   0 ,   0 ,   0 ,   2 ,   0 ,   0 ,   0 ,   0 ,   0 ,   0 ,   0 ,   0 ,   0 ,   0 ,   0 ,   1 ,   0 ,   0 ,   0 ,   0 ,   0 ,   0 ,   0 ,   0 ,   0 ,   0 ,   0 ,   0 ,   0 ,   0 ,   0 ,   0 ,   0 ,   0 ,   1 ,   0 ,   0 ,   0 ,   0 ,   1 ,   0 ,   0 ,   0 ,   0 ,   0 ,   0 ,   0 ,   0 ,   0 ,   0 ,   0 ,   0 ,   0 ,   0 ,   0 ,   0 ,   0 ,   0 ,   0 ,   0 ,   0 ,   0 ,   0 )

At Decision Episode 18
	State  -> 12
	Action -> 5
	Reward -> -1.0
	Policy -> ( 0 ,   0 ,   0 ,   0 ,   0 ,   0 ,   0 ,   0 ,   0 ,   0 ,   0 ,   0 ,   2 ,   0 ,   0 ,   0 ,   0 ,   0 ,   0 ,   0 ,   0 ,   0 ,   0 ,   0 ,   1 ,   0 ,   0 ,   0 ,   0 ,   0 ,   0 ,   0 ,   0 ,   0 ,   0 ,   0 ,   0 ,   0 ,   0 ,   0 ,   0 ,   0 ,   0 ,   1 ,   0 ,   0 ,   0 ,   0 ,   1 ,   0 ,   0 ,   0 ,   0 ,   0 ,   0 ,   0 ,   0 ,   0 ,   0 ,   0 ,   0 ,   0 ,   0 ,   0 ,   0 ,   0 ,   0 ,   0 ,   0 ,   0 ,   0 ,   0 )

At Decision Episode 19
	State  -> 12
	Action -> 5
	Reward -> -1.0
	Policy -> ( 0 ,   0 ,   0 ,   0 ,   0 ,   0 ,   0 ,   0 ,   0 ,   0 ,   0 ,   0 ,   2 ,   0 ,   0 ,   0 ,   0 ,   0 ,   0 ,   0 ,   0 ,   0 ,   0 ,   0 ,   1 ,   0 ,   0 ,   0 ,   0 ,   0 ,   0 ,   0 ,   0 ,   0 ,   0 ,   0 ,   0 ,   0 ,   0 ,   0 ,   0 ,   0 ,   0 ,   1 ,   0 ,   0 ,   0 ,   0 ,   1 ,   0 ,   0 ,   0 ,   0 ,   0 ,   0 ,   0 ,   0 ,   0 ,   0 ,   0 ,   0 ,   0 ,   0 ,   0 ,   0 ,   0 ,   0 ,   0 ,   0 ,   0 ,   0 ,   0 )

At Decision Episode 20
	State  -> 12
	Action -> 3
	Reward -> -1.0
	Policy -> ( 0 ,   0 ,   0 ,   0 ,   0 ,   0 ,   0 ,   0 ,   0 ,   0 ,   0 ,   0 ,   2 ,   0 ,   0 ,   0 ,   0 ,   0 ,   0 ,   0 ,   0 ,   0 ,   0 ,   0 ,   1 ,   0 ,   0 ,   0 ,   0 ,   0 ,   0 ,   0 ,   0 ,   0 ,   0 ,   0 ,   0 ,   0 ,   0 ,   0 ,   0 ,   0 ,   0 ,   1 ,   0 ,   0 ,   0 ,   0 ,   1 ,   0 ,   0 ,   0 ,   0 ,   0 ,   0 ,   0 ,   0 ,   0 ,   0 ,   0 ,   0 ,   0 ,   0 ,   0 ,   0 ,   0 ,   0 ,   0 ,   0 ,   0 ,   0 ,   0 )

At Decision Episode 21
	State  -> 12
	Action -> 3
	Reward -> -1.0
	Policy -> ( 0 ,   0 ,   0 ,   0 ,   0 ,   0 ,   0 ,   0 ,   0 ,   0 ,   0 ,   0 ,   2 ,   0 ,   0 ,   0 ,   0 ,   0 ,   0 ,   0 ,   0 ,   0 ,   0 ,   0 ,   1 ,   0 ,   0 ,   0 ,   0 ,   0 ,   0 ,   0 ,   0 ,   0 ,   0 ,   0 ,   0 ,   0 ,   0 ,   0 ,   0 ,   0 ,   0 ,   1 ,   0 ,   0 ,   0 ,   0 ,   1 ,   0 ,   0 ,   0 ,   0 ,   0 ,   0 ,   0 ,   0 ,   0 ,   0 ,   0 ,   0 ,   0 ,   0 ,   0 ,   0 ,   0 ,   0 ,   0 ,   0 ,   0 ,   0 ,   0 )

At Decision Episode 22
	State  -> 12
	Action -> 1
	Reward -> -1.0
	Policy -> ( 0 ,   0 ,   0 ,   0 ,   0 ,   0 ,   0 ,   0 ,   0 ,   0 ,   0 ,   0 ,   2 ,   0 ,   0 ,   0 ,   0 ,   0 ,   0 ,   0 ,   0 ,   0 ,   0 ,   0 ,   1 ,   0 ,   0 ,   0 ,   0 ,   0 ,   0 ,   0 ,   0 ,   0 ,   0 ,   0 ,   0 ,   0 ,   0 ,   0 ,   0 ,   0 ,   0 ,   1 ,   0 ,   0 ,   0 ,   0 ,   1 ,   0 ,   0 ,   0 ,   0 ,   0 ,   0 ,   0 ,   0 ,   0 ,   0 ,   0 ,   0 ,   0 ,   0 ,   0 ,   0 ,   0 ,   0 ,   0 ,   0 ,   0 ,   0 ,   0 )

At Decision Episode 23
	State  -> 24
	Action -> 0
	Reward -> -1.0
	Policy -> ( 0 ,   0 ,   0 ,   0 ,   0 ,   0 ,   0 ,   0 ,   0 ,   0 ,   0 ,   0 ,   2 ,   0 ,   0 ,   0 ,   0 ,   0 ,   0 ,   0 ,   0 ,   0 ,   0 ,   0 ,   1 ,   0 ,   0 ,   0 ,   0 ,   0 ,   0 ,   0 ,   0 ,   0 ,   0 ,   0 ,   0 ,   0 ,   0 ,   0 ,   0 ,   0 ,   0 ,   1 ,   0 ,   0 ,   0 ,   0 ,   1 ,   0 ,   0 ,   0 ,   0 ,   0 ,   0 ,   0 ,   0 ,   0 ,   0 ,   0 ,   0 ,   0 ,   0 ,   0 ,   0 ,   0 ,   0 ,   0 ,   0 ,   0 ,   0 ,   0 )

At Decision Episode 24
	State  -> 12
	Action -> 0
	Reward -> -1.0
	Policy -> ( 0 ,   0 ,   0 ,   0 ,   0 ,   0 ,   0 ,   0 ,   0 ,   0 ,   0 ,   0 ,   2 ,   0 ,   0 ,   0 ,   0 ,   0 ,   0 ,   0 ,   0 ,   0 ,   0 ,   0 ,   1 ,   0 ,   0 ,   0 ,   0 ,   0 ,   0 ,   0 ,   0 ,   0 ,   0 ,   0 ,   0 ,   0 ,   0 ,   0 ,   0 ,   0 ,   0 ,   1 ,   0 ,   0 ,   0 ,   0 ,   1 ,   0 ,   0 ,   0 ,   0 ,   0 ,   0 ,   0 ,   0 ,   0 ,   0 ,   0 ,   0 ,   0 ,   0 ,   0 ,   0 ,   0 ,   0 ,   0 ,   0 ,   0 ,   0 ,   0 )

At Decision Episode 25
	State  -> 12
	Action -> 2
	Reward -> -1.0
	Policy -> ( 0 ,   0 ,   0 ,   0 ,   0 ,   0 ,   0 ,   0 ,   0 ,   0 ,   0 ,   0 ,   2 ,   0 ,   0 ,   0 ,   0 ,   0 ,   0 ,   0 ,   0 ,   0 ,   0 ,   0 ,   1 ,   0 ,   0 ,   0 ,   0 ,   0 ,   0 ,   0 ,   0 ,   0 ,   0 ,   0 ,   0 ,   0 ,   0 ,   0 ,   0 ,   0 ,   0 ,   1 ,   0 ,   0 ,   0 ,   0 ,   1 ,   0 ,   0 ,   0 ,   0 ,   0 ,   0 ,   0 ,   0 ,   0 ,   0 ,   0 ,   0 ,   0 ,   0 ,   0 ,   0 ,   0 ,   0 ,   0 ,   0 ,   0 ,   0 ,   0 )

At Decision Episode 26
	State  -> 12
	Action -> 1
	Reward -> -1.0
	Policy -> ( 0 ,   0 ,   0 ,   0 ,   0 ,   0 ,   0 ,   0 ,   0 ,   0 ,   0 ,   0 ,   2 ,   0 ,   0 ,   0 ,   0 ,   0 ,   0 ,   0 ,   0 ,   0 ,   0 ,   0 ,   1 ,   0 ,   0 ,   0 ,   0 ,   0 ,   0 ,   0 ,   0 ,   0 ,   0 ,   0 ,   0 ,   0 ,   0 ,   0 ,   0 ,   0 ,   0 ,   1 ,   0 ,   0 ,   0 ,   0 ,   1 ,   0 ,   0 ,   0 ,   0 ,   0 ,   0 ,   0 ,   0 ,   0 ,   0 ,   0 ,   0 ,   0 ,   0 ,   0 ,   0 ,   0 ,   0 ,   0 ,   0 ,   0 ,   0 ,   0 )

At Decision Episode 27
	State  -> 24
	Action -> 1
	Reward -> -1.0
	Policy -> ( 0 ,   0 ,   0 ,   0 ,   0 ,   0 ,   0 ,   0 ,   0 ,   0 ,   0 ,   0 ,   2 ,   0 ,   0 ,   0 ,   0 ,   0 ,   0 ,   0 ,   0 ,   0 ,   0 ,   0 ,   1 ,   0 ,   0 ,   0 ,   0 ,   0 ,   0 ,   0 ,   0 ,   0 ,   0 ,   0 ,   0 ,   0 ,   0 ,   0 ,   0 ,   0 ,   0 ,   1 ,   0 ,   0 ,   0 ,   0 ,   1 ,   0 ,   0 ,   0 ,   0 ,   0 ,   0 ,   0 ,   0 ,   0 ,   0 ,   0 ,   0 ,   0 ,   0 ,   0 ,   0 ,   0 ,   0 ,   0 ,   0 ,   0 ,   0 ,   0 )

At Decision Episode 28
	State  -> 48
	Action -> 4
	Reward -> -1.0
	Policy -> ( 0 ,   0 ,   0 ,   0 ,   0 ,   0 ,   0 ,   0 ,   0 ,   0 ,   0 ,   0 ,   2 ,   0 ,   0 ,   0 ,   0 ,   0 ,   0 ,   0 ,   0 ,   0 ,   0 ,   0 ,   2 ,   0 ,   0 ,   0 ,   0 ,   0 ,   0 ,   0 ,   0 ,   0 ,   0 ,   0 ,   0 ,   0 ,   0 ,   0 ,   0 ,   0 ,   0 ,   1 ,   0 ,   0 ,   0 ,   0 ,   1 ,   0 ,   0 ,   0 ,   0 ,   0 ,   0 ,   0 ,   0 ,   0 ,   0 ,   0 ,   0 ,   0 ,   0 ,   0 ,   0 ,   0 ,   0 ,   0 ,   0 ,   0 ,   0 ,   0 )

At Decision Episode 29
	State  -> 48
	Action -> 2
	Reward -> -1.0
	Policy -> ( 0 ,   0 ,   0 ,   0 ,   0 ,   0 ,   0 ,   0 ,   0 ,   0 ,   0 ,   0 ,   2 ,   0 ,   0 ,   0 ,   0 ,   0 ,   0 ,   0 ,   0 ,   0 ,   0 ,   0 ,   2 ,   0 ,   0 ,   0 ,   0 ,   0 ,   0 ,   0 ,   0 ,   0 ,   0 ,   0 ,   0 ,   0 ,   0 ,   0 ,   0 ,   0 ,   0 ,   1 ,   0 ,   0 ,   0 ,   0 ,   1 ,   0 ,   0 ,   0 ,   0 ,   0 ,   0 ,   0 ,   0 ,   0 ,   0 ,   0 ,   0 ,   0 ,   0 ,   0 ,   0 ,   0 ,   0 ,   0 ,   0 ,   0 ,   0 ,   0 )

At Decision Episode 30
	State  -> 4
	Action -> 0
	Reward -> -1.0
	Policy -> ( 0 ,   0 ,   0 ,   0 ,   0 ,   0 ,   0 ,   0 ,   0 ,   0 ,   0 ,   0 ,   2 ,   0 ,   0 ,   0 ,   0 ,   0 ,   0 ,   0 ,   0 ,   0 ,   0 ,   0 ,   2 ,   0 ,   0 ,   0 ,   0 ,   0 ,   0 ,   0 ,   0 ,   0 ,   0 ,   0 ,   0 ,   0 ,   0 ,   0 ,   0 ,   0 ,   0 ,   1 ,   0 ,   0 ,   0 ,   0 ,   1 ,   0 ,   0 ,   0 ,   0 ,   0 ,   0 ,   0 ,   0 ,   0 ,   0 ,   0 ,   0 ,   0 ,   0 ,   0 ,   0 ,   0 ,   0 ,   0 ,   0 ,   0 ,   0 ,   0 )

At Decision Episode 31
	State  -> 4
	Action -> 3
	Reward -> -1.0
	Policy -> ( 0 ,   0 ,   0 ,   0 ,   0 ,   0 ,   0 ,   0 ,   0 ,   0 ,   0 ,   0 ,   2 ,   0 ,   0 ,   0 ,   0 ,   0 ,   0 ,   0 ,   0 ,   0 ,   0 ,   0 ,   2 ,   0 ,   0 ,   0 ,   0 ,   0 ,   0 ,   0 ,   0 ,   0 ,   0 ,   0 ,   0 ,   0 ,   0 ,   0 ,   0 ,   0 ,   0 ,   1 ,   0 ,   0 ,   0 ,   0 ,   1 ,   0 ,   0 ,   0 ,   0 ,   0 ,   0 ,   0 ,   0 ,   0 ,   0 ,   0 ,   0 ,   0 ,   0 ,   0 ,   0 ,   0 ,   0 ,   0 ,   0 ,   0 ,   0 ,   0 )

At Decision Episode 32
	State  -> 4
	Action -> 4
	Reward -> -1.0
	Policy -> ( 0 ,   0 ,   0 ,   0 ,   1 ,   0 ,   0 ,   0 ,   0 ,   0 ,   0 ,   0 ,   2 ,   0 ,   0 ,   0 ,   0 ,   0 ,   0 ,   0 ,   0 ,   0 ,   0 ,   0 ,   2 ,   0 ,   0 ,   0 ,   0 ,   0 ,   0 ,   0 ,   0 ,   0 ,   0 ,   0 ,   0 ,   0 ,   0 ,   0 ,   0 ,   0 ,   0 ,   1 ,   0 ,   0 ,   0 ,   0 ,   1 ,   0 ,   0 ,   0 ,   0 ,   0 ,   0 ,   0 ,   0 ,   0 ,   0 ,   0 ,   0 ,   0 ,   0 ,   0 ,   0 ,   0 ,   0 ,   0 ,   0 ,   0 ,   0 ,   0 )

At Decision Episode 33
	State  -> 10
	Action -> 4
	Reward -> -1.0
	Policy -> ( 0 ,   0 ,   0 ,   0 ,   1 ,   0 ,   0 ,   0 ,   0 ,   0 ,   0 ,   0 ,   2 ,   0 ,   0 ,   0 ,   0 ,   0 ,   0 ,   0 ,   0 ,   0 ,   0 ,   0 ,   2 ,   0 ,   0 ,   0 ,   0 ,   0 ,   0 ,   0 ,   0 ,   0 ,   0 ,   0 ,   0 ,   0 ,   0 ,   0 ,   0 ,   0 ,   0 ,   1 ,   0 ,   0 ,   0 ,   0 ,   1 ,   0 ,   0 ,   0 ,   0 ,   0 ,   0 ,   0 ,   0 ,   0 ,   0 ,   0 ,   0 ,   0 ,   0 ,   0 ,   0 ,   0 ,   0 ,   0 ,   0 ,   0 ,   0 ,   0 )

At Decision Episode 34
	State  -> 10
	Action -> 4
	Reward -> -1.0
	Policy -> ( 0 ,   0 ,   0 ,   0 ,   1 ,   0 ,   0 ,   0 ,   0 ,   0 ,   0 ,   0 ,   2 ,   0 ,   0 ,   0 ,   0 ,   0 ,   0 ,   0 ,   0 ,   0 ,   0 ,   0 ,   2 ,   0 ,   0 ,   0 ,   0 ,   0 ,   0 ,   0 ,   0 ,   0 ,   0 ,   0 ,   0 ,   0 ,   0 ,   0 ,   0 ,   0 ,   0 ,   1 ,   0 ,   0 ,   0 ,   0 ,   1 ,   0 ,   0 ,   0 ,   0 ,   0 ,   0 ,   0 ,   0 ,   0 ,   0 ,   0 ,   0 ,   0 ,   0 ,   0 ,   0 ,   0 ,   0 ,   0 ,   0 ,   0 ,   0 ,   0 )

At Decision Episode 35
	State  -> 10
	Action -> 0
	Reward -> -1.0
	Policy -> ( 0 ,   0 ,   0 ,   0 ,   1 ,   0 ,   0 ,   0 ,   0 ,   0 ,   0 ,   0 ,   2 ,   0 ,   0 ,   0 ,   0 ,   0 ,   0 ,   0 ,   0 ,   0 ,   0 ,   0 ,   2 ,   0 ,   0 ,   0 ,   0 ,   0 ,   0 ,   0 ,   0 ,   0 ,   0 ,   0 ,   0 ,   0 ,   0 ,   0 ,   0 ,   0 ,   0 ,   1 ,   0 ,   0 ,   0 ,   0 ,   1 ,   0 ,   0 ,   0 ,   0 ,   0 ,   0 ,   0 ,   0 ,   0 ,   0 ,   0 ,   0 ,   0 ,   0 ,   0 ,   0 ,   0 ,   0 ,   0 ,   0 ,   0 ,   0 ,   0 )

At Decision Episode 36
	State  -> 10
	Action -> 3
	Reward -> -1.0
	Policy -> ( 0 ,   0 ,   0 ,   0 ,   1 ,   0 ,   0 ,   0 ,   0 ,   0 ,   0 ,   0 ,   2 ,   0 ,   0 ,   0 ,   0 ,   0 ,   0 ,   0 ,   0 ,   0 ,   0 ,   0 ,   2 ,   0 ,   0 ,   0 ,   0 ,   0 ,   0 ,   0 ,   0 ,   0 ,   0 ,   0 ,   0 ,   0 ,   0 ,   0 ,   0 ,   0 ,   0 ,   1 ,   0 ,   0 ,   0 ,   0 ,   1 ,   0 ,   0 ,   0 ,   0 ,   0 ,   0 ,   0 ,   0 ,   0 ,   0 ,   0 ,   0 ,   0 ,   0 ,   0 ,   0 ,   0 ,   0 ,   0 ,   0 ,   0 ,   0 ,   0 )

At Decision Episode 37
	State  -> 10
	Action -> 1
	Reward -> -1.0
	Policy -> ( 0 ,   0 ,   0 ,   0 ,   1 ,   0 ,   0 ,   0 ,   0 ,   0 ,   1 ,   0 ,   2 ,   0 ,   0 ,   0 ,   0 ,   0 ,   0 ,   0 ,   0 ,   0 ,   0 ,   0 ,   2 ,   0 ,   0 ,   0 ,   0 ,   0 ,   0 ,   0 ,   0 ,   0 ,   0 ,   0 ,   0 ,   0 ,   0 ,   0 ,   0 ,   0 ,   0 ,   1 ,   0 ,   0 ,   0 ,   0 ,   1 ,   0 ,   0 ,   0 ,   0 ,   0 ,   0 ,   0 ,   0 ,   0 ,   0 ,   0 ,   0 ,   0 ,   0 ,   0 ,   0 ,   0 ,   0 ,   0 ,   0 ,   0 ,   0 ,   0 )

At Decision Episode 38
	State  -> 54
	Action -> 0
	Reward -> -1.0
	Policy -> ( 0 ,   0 ,   0 ,   0 ,   1 ,   0 ,   0 ,   0 ,   0 ,   0 ,   1 ,   0 ,   2 ,   0 ,   0 ,   0 ,   0 ,   0 ,   0 ,   0 ,   0 ,   0 ,   0 ,   0 ,   2 ,   0 ,   0 ,   0 ,   0 ,   0 ,   0 ,   0 ,   0 ,   0 ,   0 ,   0 ,   0 ,   0 ,   0 ,   0 ,   0 ,   0 ,   0 ,   1 ,   0 ,   0 ,   0 ,   0 ,   1 ,   0 ,   0 ,   0 ,   0 ,   0 ,   0 ,   0 ,   0 ,   0 ,   0 ,   0 ,   0 ,   0 ,   0 ,   0 ,   0 ,   0 ,   0 ,   0 ,   0 ,   0 ,   0 ,   0 )

At Decision Episode 39
	State  -> 30
	Action -> 5
	Reward -> -1.0
	Policy -> ( 0 ,   0 ,   0 ,   0 ,   1 ,   0 ,   0 ,   0 ,   0 ,   0 ,   2 ,   0 ,   2 ,   0 ,   0 ,   0 ,   0 ,   0 ,   0 ,   0 ,   0 ,   0 ,   0 ,   0 ,   2 ,   0 ,   0 ,   0 ,   0 ,   0 ,   0 ,   0 ,   0 ,   0 ,   0 ,   0 ,   0 ,   0 ,   0 ,   0 ,   0 ,   0 ,   0 ,   1 ,   0 ,   0 ,   0 ,   0 ,   1 ,   0 ,   0 ,   0 ,   0 ,   0 ,   0 ,   0 ,   0 ,   0 ,   0 ,   0 ,   0 ,   0 ,   0 ,   0 ,   0 ,   0 ,   0 ,   0 ,   0 ,   0 ,   0 ,   0 )

At Decision Episode 40
	State  -> 30
	Action -> 0
	Reward -> -1.0
	Policy -> ( 0 ,   0 ,   0 ,   0 ,   1 ,   0 ,   0 ,   0 ,   0 ,   0 ,   2 ,   0 ,   2 ,   0 ,   0 ,   0 ,   0 ,   0 ,   0 ,   0 ,   0 ,   0 ,   0 ,   0 ,   2 ,   0 ,   0 ,   0 ,   0 ,   0 ,   0 ,   0 ,   0 ,   0 ,   0 ,   0 ,   0 ,   0 ,   0 ,   0 ,   0 ,   0 ,   0 ,   1 ,   0 ,   0 ,   0 ,   0 ,   1 ,   0 ,   0 ,   0 ,   0 ,   0 ,   1 ,   0 ,   0 ,   0 ,   0 ,   0 ,   0 ,   0 ,   0 ,   0 ,   0 ,   0 ,   0 ,   0 ,   0 ,   0 ,   0 ,   0 )

At Decision Episode 41
	State  -> 18
	Action -> 3
	Reward -> -1.0
	Policy -> ( 0 ,   0 ,   0 ,   0 ,   1 ,   0 ,   0 ,   0 ,   0 ,   0 ,   2 ,   0 ,   2 ,   0 ,   0 ,   0 ,   0 ,   0 ,   0 ,   0 ,   0 ,   0 ,   0 ,   0 ,   2 ,   0 ,   0 ,   0 ,   0 ,   0 ,   1 ,   0 ,   0 ,   0 ,   0 ,   0 ,   0 ,   0 ,   0 ,   0 ,   0 ,   0 ,   0 ,   1 ,   0 ,   0 ,   0 ,   0 ,   1 ,   0 ,   0 ,   0 ,   0 ,   0 ,   1 ,   0 ,   0 ,   0 ,   0 ,   0 ,   0 ,   0 ,   0 ,   0 ,   0 ,   0 ,   0 ,   0 ,   0 ,   0 ,   0 ,   0 )

At Decision Episode 42
	State  -> 18
	Action -> 0
	Reward -> -1.0
	Policy -> ( 0 ,   0 ,   0 ,   0 ,   1 ,   0 ,   0 ,   0 ,   0 ,   0 ,   2 ,   0 ,   2 ,   0 ,   0 ,   0 ,   0 ,   0 ,   0 ,   0 ,   0 ,   0 ,   0 ,   0 ,   2 ,   0 ,   0 ,   0 ,   0 ,   0 ,   1 ,   0 ,   0 ,   0 ,   0 ,   0 ,   0 ,   0 ,   0 ,   0 ,   0 ,   0 ,   0 ,   1 ,   0 ,   0 ,   0 ,   0 ,   1 ,   0 ,   0 ,   0 ,   0 ,   0 ,   1 ,   0 ,   0 ,   0 ,   0 ,   0 ,   0 ,   0 ,   0 ,   0 ,   0 ,   0 ,   0 ,   0 ,   0 ,   0 ,   0 ,   0 )

At Decision Episode 43
	State  -> 18
	Action -> 1
	Reward -> -1.0
	Policy -> ( 0 ,   0 ,   0 ,   0 ,   1 ,   0 ,   0 ,   0 ,   0 ,   0 ,   2 ,   0 ,   2 ,   0 ,   0 ,   0 ,   0 ,   0 ,   1 ,   0 ,   0 ,   0 ,   0 ,   0 ,   2 ,   0 ,   0 ,   0 ,   0 ,   0 ,   1 ,   0 ,   0 ,   0 ,   0 ,   0 ,   0 ,   0 ,   0 ,   0 ,   0 ,   0 ,   0 ,   1 ,   0 ,   0 ,   0 ,   0 ,   1 ,   0 ,   0 ,   0 ,   0 ,   0 ,   1 ,   0 ,   0 ,   0 ,   0 ,   0 ,   0 ,   0 ,   0 ,   0 ,   0 ,   0 ,   0 ,   0 ,   0 ,   0 ,   0 ,   0 )

At Decision Episode 44
	State  -> 30
	Action -> 1
	Reward -> -1.0
	Policy -> ( 0 ,   0 ,   0 ,   0 ,   1 ,   0 ,   0 ,   0 ,   0 ,   0 ,   2 ,   0 ,   2 ,   0 ,   0 ,   0 ,   0 ,   0 ,   1 ,   0 ,   0 ,   0 ,   0 ,   0 ,   2 ,   0 ,   0 ,   0 ,   0 ,   0 ,   1 ,   0 ,   0 ,   0 ,   0 ,   0 ,   0 ,   0 ,   0 ,   0 ,   0 ,   0 ,   0 ,   1 ,   0 ,   0 ,   0 ,   0 ,   1 ,   0 ,   0 ,   0 ,   0 ,   0 ,   1 ,   0 ,   0 ,   0 ,   0 ,   0 ,   0 ,   0 ,   0 ,   0 ,   0 ,   0 ,   0 ,   0 ,   0 ,   0 ,   0 ,   0 )

At Decision Episode 45
	State  -> 54
	Action -> 5
	Reward -> -1.0
	Policy -> ( 0 ,   0 ,   0 ,   0 ,   1 ,   0 ,   0 ,   0 ,   0 ,   0 ,   2 ,   0 ,   2 ,   0 ,   0 ,   0 ,   0 ,   0 ,   2 ,   0 ,   0 ,   0 ,   0 ,   0 ,   2 ,   0 ,   0 ,   0 ,   0 ,   0 ,   1 ,   0 ,   0 ,   0 ,   0 ,   0 ,   0 ,   0 ,   0 ,   0 ,   0 ,   0 ,   0 ,   1 ,   0 ,   0 ,   0 ,   0 ,   1 ,   0 ,   0 ,   0 ,   0 ,   0 ,   1 ,   0 ,   0 ,   0 ,   0 ,   0 ,   0 ,   0 ,   0 ,   0 ,   0 ,   0 ,   0 ,   0 ,   0 ,   0 ,   0 ,   0 )

At Decision Episode 46
	State  -> 54
	Action -> 4
	Reward -> -1.0
	Policy -> ( 0 ,   0 ,   0 ,   0 ,   1 ,   0 ,   0 ,   0 ,   0 ,   0 ,   2 ,   0 ,   2 ,   0 ,   0 ,   0 ,   0 ,   0 ,   2 ,   0 ,   0 ,   0 ,   0 ,   0 ,   2 ,   0 ,   0 ,   0 ,   0 ,   0 ,   2 ,   0 ,   0 ,   0 ,   0 ,   0 ,   0 ,   0 ,   0 ,   0 ,   0 ,   0 ,   0 ,   1 ,   0 ,   0 ,   0 ,   0 ,   1 ,   0 ,   0 ,   0 ,   0 ,   0 ,   1 ,   0 ,   0 ,   0 ,   0 ,   0 ,   0 ,   0 ,   0 ,   0 ,   0 ,   0 ,   0 ,   0 ,   0 ,   0 ,   0 ,   0 )

At Decision Episode 47
	State  -> 54
	Action -> 4
	Reward -> -1.0
	Policy -> ( 0 ,   0 ,   0 ,   0 ,   1 ,   0 ,   0 ,   0 ,   0 ,   0 ,   2 ,   0 ,   2 ,   0 ,   0 ,   0 ,   0 ,   0 ,   2 ,   0 ,   0 ,   0 ,   0 ,   0 ,   2 ,   0 ,   0 ,   0 ,   0 ,   0 ,   2 ,   0 ,   0 ,   0 ,   0 ,   0 ,   0 ,   0 ,   0 ,   0 ,   0 ,   0 ,   0 ,   1 ,   0 ,   0 ,   0 ,   0 ,   1 ,   0 ,   0 ,   0 ,   0 ,   0 ,   1 ,   0 ,   0 ,   0 ,   0 ,   0 ,   0 ,   0 ,   0 ,   0 ,   0 ,   0 ,   0 ,   0 ,   0 ,   0 ,   0 ,   0 )

At Decision Episode 48
	State  -> 54
	Action -> 4
	Reward -> -1.0
	Policy -> ( 0 ,   0 ,   0 ,   0 ,   1 ,   0 ,   0 ,   0 ,   0 ,   0 ,   2 ,   0 ,   2 ,   0 ,   0 ,   0 ,   0 ,   0 ,   2 ,   0 ,   0 ,   0 ,   0 ,   0 ,   2 ,   0 ,   0 ,   0 ,   0 ,   0 ,   2 ,   0 ,   0 ,   0 ,   0 ,   0 ,   0 ,   0 ,   0 ,   0 ,   0 ,   0 ,   0 ,   1 ,   0 ,   0 ,   0 ,   0 ,   1 ,   0 ,   0 ,   0 ,   0 ,   0 ,   1 ,   0 ,   0 ,   0 ,   0 ,   0 ,   0 ,   0 ,   0 ,   0 ,   0 ,   0 ,   0 ,   0 ,   0 ,   0 ,   0 ,   0 )

At Decision Episode 49
	State  -> 54
	Action -> 0
	Reward -> -1.0
	Policy -> ( 0 ,   0 ,   0 ,   0 ,   1 ,   0 ,   0 ,   0 ,   0 ,   0 ,   2 ,   0 ,   2 ,   0 ,   0 ,   0 ,   0 ,   0 ,   2 ,   0 ,   0 ,   0 ,   0 ,   0 ,   2 ,   0 ,   0 ,   0 ,   0 ,   0 ,   2 ,   0 ,   0 ,   0 ,   0 ,   0 ,   0 ,   0 ,   0 ,   0 ,   0 ,   0 ,   0 ,   1 ,   0 ,   0 ,   0 ,   0 ,   1 ,   0 ,   0 ,   0 ,   0 ,   0 ,   1 ,   0 ,   0 ,   0 ,   0 ,   0 ,   0 ,   0 ,   0 ,   0 ,   0 ,   0 ,   0 ,   0 ,   0 ,   0 ,   0 ,   0 )

At Decision Episode 50
	State  -> 30
	Action -> 2
	Reward -> -1.0
	Policy -> ( 0 ,   0 ,   0 ,   0 ,   1 ,   0 ,   0 ,   0 ,   0 ,   0 ,   2 ,   0 ,   2 ,   0 ,   0 ,   0 ,   0 ,   0 ,   2 ,   0 ,   0 ,   0 ,   0 ,   0 ,   2 ,   0 ,   0 ,   0 ,   0 ,   0 ,   2 ,   0 ,   0 ,   0 ,   0 ,   0 ,   0 ,   0 ,   0 ,   0 ,   0 ,   0 ,   0 ,   1 ,   0 ,   0 ,   0 ,   0 ,   1 ,   0 ,   0 ,   0 ,   0 ,   0 ,   1 ,   0 ,   0 ,   0 ,   0 ,   0 ,   0 ,   0 ,   0 ,   0 ,   0 ,   0 ,   0 ,   0 ,   0 ,   0 ,   0 ,   0 )

At Decision Episode 51
	State  -> 30
	Action -> 2
	Reward -> -1.0
	Policy -> ( 0 ,   0 ,   0 ,   0 ,   1 ,   0 ,   0 ,   0 ,   0 ,   0 ,   2 ,   0 ,   2 ,   0 ,   0 ,   0 ,   0 ,   0 ,   2 ,   0 ,   0 ,   0 ,   0 ,   0 ,   2 ,   0 ,   0 ,   0 ,   0 ,   0 ,   3 ,   0 ,   0 ,   0 ,   0 ,   0 ,   0 ,   0 ,   0 ,   0 ,   0 ,   0 ,   0 ,   1 ,   0 ,   0 ,   0 ,   0 ,   1 ,   0 ,   0 ,   0 ,   0 ,   0 ,   1 ,   0 ,   0 ,   0 ,   0 ,   0 ,   0 ,   0 ,   0 ,   0 ,   0 ,   0 ,   0 ,   0 ,   0 ,   0 ,   0 ,   0 )

At Decision Episode 52
	State  -> 30
	Action -> 3
	Reward -> -1.0
	Policy -> ( 0 ,   0 ,   0 ,   0 ,   1 ,   0 ,   0 ,   0 ,   0 ,   0 ,   2 ,   0 ,   2 ,   0 ,   0 ,   0 ,   0 ,   0 ,   2 ,   0 ,   0 ,   0 ,   0 ,   0 ,   2 ,   0 ,   0 ,   0 ,   0 ,   0 ,   3 ,   0 ,   0 ,   0 ,   0 ,   0 ,   0 ,   0 ,   0 ,   0 ,   0 ,   0 ,   0 ,   1 ,   0 ,   0 ,   0 ,   0 ,   1 ,   0 ,   0 ,   0 ,   0 ,   0 ,   1 ,   0 ,   0 ,   0 ,   0 ,   0 ,   0 ,   0 ,   0 ,   0 ,   0 ,   0 ,   0 ,   0 ,   0 ,   0 ,   0 ,   0 )

At Decision Episode 53
	State  -> 30
	Action -> 4
	Reward -> -1.0
	Policy -> ( 0 ,   0 ,   0 ,   0 ,   1 ,   0 ,   0 ,   0 ,   0 ,   0 ,   2 ,   0 ,   2 ,   0 ,   0 ,   0 ,   0 ,   0 ,   2 ,   0 ,   0 ,   0 ,   0 ,   0 ,   2 ,   0 ,   0 ,   0 ,   0 ,   0 ,   4 ,   0 ,   0 ,   0 ,   0 ,   0 ,   0 ,   0 ,   0 ,   0 ,   0 ,   0 ,   0 ,   1 ,   0 ,   0 ,   0 ,   0 ,   1 ,   0 ,   0 ,   0 ,   0 ,   0 ,   1 ,   0 ,   0 ,   0 ,   0 ,   0 ,   0 ,   0 ,   0 ,   0 ,   0 ,   0 ,   0 ,   0 ,   0 ,   0 ,   0 ,   0 )

At Decision Episode 54
	State  -> 30
	Action -> 0
	Reward -> -1.0
	Policy -> ( 0 ,   0 ,   0 ,   0 ,   1 ,   0 ,   0 ,   0 ,   0 ,   0 ,   2 ,   0 ,   2 ,   0 ,   0 ,   0 ,   0 ,   0 ,   2 ,   0 ,   0 ,   0 ,   0 ,   0 ,   2 ,   0 ,   0 ,   0 ,   0 ,   0 ,   4 ,   0 ,   0 ,   0 ,   0 ,   0 ,   0 ,   0 ,   0 ,   0 ,   0 ,   0 ,   0 ,   1 ,   0 ,   0 ,   0 ,   0 ,   1 ,   0 ,   0 ,   0 ,   0 ,   0 ,   1 ,   0 ,   0 ,   0 ,   0 ,   0 ,   0 ,   0 ,   0 ,   0 ,   0 ,   0 ,   0 ,   0 ,   0 ,   0 ,   0 ,   0 )

At Decision Episode 55
	State  -> 18
	Action -> 0
	Reward -> -1.0
	Policy -> ( 0 ,   0 ,   0 ,   0 ,   1 ,   0 ,   0 ,   0 ,   0 ,   0 ,   2 ,   0 ,   2 ,   0 ,   0 ,   0 ,   0 ,   0 ,   2 ,   0 ,   0 ,   0 ,   0 ,   0 ,   2 ,   0 ,   0 ,   0 ,   0 ,   0 ,   1 ,   0 ,   0 ,   0 ,   0 ,   0 ,   0 ,   0 ,   0 ,   0 ,   0 ,   0 ,   0 ,   1 ,   0 ,   0 ,   0 ,   0 ,   1 ,   0 ,   0 ,   0 ,   0 ,   0 ,   1 ,   0 ,   0 ,   0 ,   0 ,   0 ,   0 ,   0 ,   0 ,   0 ,   0 ,   0 ,   0 ,   0 ,   0 ,   0 ,   0 ,   0 )

At Decision Episode 56
	State  -> 18
	Action -> 1
	Reward -> -1.0
	Policy -> ( 0 ,   0 ,   0 ,   0 ,   1 ,   0 ,   0 ,   0 ,   0 ,   0 ,   2 ,   0 ,   2 ,   0 ,   0 ,   0 ,   0 ,   0 ,   2 ,   0 ,   0 ,   0 ,   0 ,   0 ,   2 ,   0 ,   0 ,   0 ,   0 ,   0 ,   1 ,   0 ,   0 ,   0 ,   0 ,   0 ,   0 ,   0 ,   0 ,   0 ,   0 ,   0 ,   0 ,   1 ,   0 ,   0 ,   0 ,   0 ,   1 ,   0 ,   0 ,   0 ,   0 ,   0 ,   1 ,   0 ,   0 ,   0 ,   0 ,   0 ,   0 ,   0 ,   0 ,   0 ,   0 ,   0 ,   0 ,   0 ,   0 ,   0 ,   0 ,   0 )

At Decision Episode 57
	State  -> 30
	Action -> 3
	Reward -> -1.0
	Policy -> ( 0 ,   0 ,   0 ,   0 ,   1 ,   0 ,   0 ,   0 ,   0 ,   0 ,   2 ,   0 ,   2 ,   0 ,   0 ,   0 ,   0 ,   0 ,   2 ,   0 ,   0 ,   0 ,   0 ,   0 ,   2 ,   0 ,   0 ,   0 ,   0 ,   0 ,   1 ,   0 ,   0 ,   0 ,   0 ,   0 ,   0 ,   0 ,   0 ,   0 ,   0 ,   0 ,   0 ,   1 ,   0 ,   0 ,   0 ,   0 ,   1 ,   0 ,   0 ,   0 ,   0 ,   0 ,   1 ,   0 ,   0 ,   0 ,   0 ,   0 ,   0 ,   0 ,   0 ,   0 ,   0 ,   0 ,   0 ,   0 ,   0 ,   0 ,   0 ,   0 )

At Decision Episode 58
	State  -> 30
	Action -> 3
	Reward -> -1.0
	Policy -> ( 0 ,   0 ,   0 ,   0 ,   1 ,   0 ,   0 ,   0 ,   0 ,   0 ,   2 ,   0 ,   2 ,   0 ,   0 ,   0 ,   0 ,   0 ,   2 ,   0 ,   0 ,   0 ,   0 ,   0 ,   2 ,   0 ,   0 ,   0 ,   0 ,   0 ,   1 ,   0 ,   0 ,   0 ,   0 ,   0 ,   0 ,   0 ,   0 ,   0 ,   0 ,   0 ,   0 ,   1 ,   0 ,   0 ,   0 ,   0 ,   1 ,   0 ,   0 ,   0 ,   0 ,   0 ,   1 ,   0 ,   0 ,   0 ,   0 ,   0 ,   0 ,   0 ,   0 ,   0 ,   0 ,   0 ,   0 ,   0 ,   0 ,   0 ,   0 ,   0 )

At Decision Episode 59
	State  -> 30
	Action -> 5
	Reward -> -1.0
	Policy -> ( 0 ,   0 ,   0 ,   0 ,   1 ,   0 ,   0 ,   0 ,   0 ,   0 ,   2 ,   0 ,   2 ,   0 ,   0 ,   0 ,   0 ,   0 ,   2 ,   0 ,   0 ,   0 ,   0 ,   0 ,   2 ,   0 ,   0 ,   0 ,   0 ,   0 ,   1 ,   0 ,   0 ,   0 ,   0 ,   0 ,   0 ,   0 ,   0 ,   0 ,   0 ,   0 ,   0 ,   1 ,   0 ,   0 ,   0 ,   0 ,   1 ,   0 ,   0 ,   0 ,   0 ,   0 ,   1 ,   0 ,   0 ,   0 ,   0 ,   0 ,   0 ,   0 ,   0 ,   0 ,   0 ,   0 ,   0 ,   0 ,   0 ,   0 ,   0 ,   0 )

At Decision Episode 60
	State  -> 30
	Action -> 1
	Reward -> -1.0
	Policy -> ( 0 ,   0 ,   0 ,   0 ,   1 ,   0 ,   0 ,   0 ,   0 ,   0 ,   2 ,   0 ,   2 ,   0 ,   0 ,   0 ,   0 ,   0 ,   2 ,   0 ,   0 ,   0 ,   0 ,   0 ,   2 ,   0 ,   0 ,   0 ,   0 ,   0 ,   1 ,   0 ,   0 ,   0 ,   0 ,   0 ,   0 ,   0 ,   0 ,   0 ,   0 ,   0 ,   0 ,   1 ,   0 ,   0 ,   0 ,   0 ,   1 ,   0 ,   0 ,   0 ,   0 ,   0 ,   1 ,   0 ,   0 ,   0 ,   0 ,   0 ,   0 ,   0 ,   0 ,   0 ,   0 ,   0 ,   0 ,   0 ,   0 ,   0 ,   0 ,   0 )

At Decision Episode 61
	State  -> 54
	Action -> 1
	Reward -> -1.0
	Policy -> ( 0 ,   0 ,   0 ,   0 ,   1 ,   0 ,   0 ,   0 ,   0 ,   0 ,   2 ,   0 ,   2 ,   0 ,   0 ,   0 ,   0 ,   0 ,   2 ,   0 ,   0 ,   0 ,   0 ,   0 ,   2 ,   0 ,   0 ,   0 ,   0 ,   0 ,   1 ,   0 ,   0 ,   0 ,   0 ,   0 ,   0 ,   0 ,   0 ,   0 ,   0 ,   0 ,   0 ,   1 ,   0 ,   0 ,   0 ,   0 ,   1 ,   0 ,   0 ,   0 ,   0 ,   0 ,   1 ,   0 ,   0 ,   0 ,   0 ,   0 ,   0 ,   0 ,   0 ,   0 ,   0 ,   0 ,   0 ,   0 ,   0 ,   0 ,   0 ,   0 )

At Decision Episode 62
	State  -> 43
	Action -> 1
	Reward -> -1.0
	Policy -> ( 0 ,   0 ,   0 ,   0 ,   1 ,   0 ,   0 ,   0 ,   0 ,   0 ,   2 ,   0 ,   2 ,   0 ,   0 ,   0 ,   0 ,   0 ,   2 ,   0 ,   0 ,   0 ,   0 ,   0 ,   2 ,   0 ,   0 ,   0 ,   0 ,   0 ,   3 ,   0 ,   0 ,   0 ,   0 ,   0 ,   0 ,   0 ,   0 ,   0 ,   0 ,   0 ,   0 ,   1 ,   0 ,   0 ,   0 ,   0 ,   1 ,   0 ,   0 ,   0 ,   0 ,   0 ,   1 ,   0 ,   0 ,   0 ,   0 ,   0 ,   0 ,   0 ,   0 ,   0 ,   0 ,   0 ,   0 ,   0 ,   0 ,   0 ,   0 ,   0 )

At Decision Episode 63
	State  -> 43
	Action -> 3
	Reward -> -1.0
	Policy -> ( 0 ,   0 ,   0 ,   0 ,   1 ,   0 ,   0 ,   0 ,   0 ,   0 ,   2 ,   0 ,   2 ,   0 ,   0 ,   0 ,   0 ,   0 ,   2 ,   0 ,   0 ,   0 ,   0 ,   0 ,   2 ,   0 ,   0 ,   0 ,   0 ,   0 ,   3 ,   0 ,   0 ,   0 ,   0 ,   0 ,   0 ,   0 ,   0 ,   0 ,   0 ,   0 ,   0 ,   1 ,   0 ,   0 ,   0 ,   0 ,   1 ,   0 ,   0 ,   0 ,   0 ,   0 ,   2 ,   0 ,   0 ,   0 ,   0 ,   0 ,   0 ,   0 ,   0 ,   0 ,   0 ,   0 ,   0 ,   0 ,   0 ,   0 ,   0 ,   0 )

At Decision Episode 64
	State  -> 43
	Action -> 4
	Reward -> -1.0
	Policy -> ( 0 ,   0 ,   0 ,   0 ,   1 ,   0 ,   0 ,   0 ,   0 ,   0 ,   2 ,   0 ,   2 ,   0 ,   0 ,   0 ,   0 ,   0 ,   2 ,   0 ,   0 ,   0 ,   0 ,   0 ,   2 ,   0 ,   0 ,   0 ,   0 ,   0 ,   1 ,   0 ,   0 ,   0 ,   0 ,   0 ,   0 ,   0 ,   0 ,   0 ,   0 ,   0 ,   0 ,   2 ,   0 ,   0 ,   0 ,   0 ,   1 ,   0 ,   0 ,   0 ,   0 ,   0 ,   2 ,   0 ,   0 ,   0 ,   0 ,   0 ,   0 ,   0 ,   0 ,   0 ,   0 ,   0 ,   0 ,   0 ,   0 ,   0 ,   0 ,   0 )

At Decision Episode 65
	State  -> 43
	Action -> 5
	Reward -> -1.0
	Policy -> ( 0 ,   0 ,   0 ,   0 ,   1 ,   0 ,   0 ,   0 ,   0 ,   0 ,   2 ,   0 ,   2 ,   0 ,   0 ,   0 ,   0 ,   0 ,   2 ,   0 ,   0 ,   0 ,   0 ,   0 ,   2 ,   0 ,   0 ,   0 ,   0 ,   0 ,   1 ,   0 ,   0 ,   0 ,   0 ,   0 ,   0 ,   0 ,   0 ,   0 ,   0 ,   0 ,   0 ,   2 ,   0 ,   0 ,   0 ,   0 ,   1 ,   0 ,   0 ,   0 ,   0 ,   0 ,   2 ,   0 ,   0 ,   0 ,   0 ,   0 ,   0 ,   0 ,   0 ,   0 ,   0 ,   0 ,   0 ,   0 ,   0 ,   0 ,   0 ,   0 )

